259
259
266
275
284
289
290
287
283
280
299
375
503
614
631
567
461
359
279
238
238
266
299
320
323
312
294
273
261
256
258
267
278
288
291
288
284
303
380
510
620
632
575
474
378
303
256
240
252
281
307
318
313
298
280
268
260
260
264
271
278
285
287
285
283
296
359
494
610
632
603
505
404
324
269
247
258
284
308
317
313
298
281
267
258
257
261
269
278
288
294
294
290
283
278
299
382
513
614
628
571
468
378
306
262
251
268
297
319
322
313
297
280
267
260
263
268
276
282
286
290
290
288
283
278
273
285
348
470
591
623
577
485
389
311
263
254
276
308
330
333
322
304
286
272
265
265
271
279
286
291
293
293
290
284
280
290
354
472
583
620
582
497
401
326
274
254
262
287
309
317
312
298
282
271
264
262
266
272
279
282
286
288
289
287
283
282
309
398
526
617
621
559
468
384
319
277
264
274
296
313
317
308
292
276
266
263
266
270
275
280
285
288
288
286
283
280
278
281
319
420
547
623
618
548
460
378
314
277
268
282
305
320
319
310
294
281
271
268
269
273
279
283
285
286
286
282
277
274
278
318
424
543
608
595
526
441
362
299
269
268
288
310
323
322
308
290
275
268
266
270
278
286
293
296
293
288
282
280
306
384
489
557
555
496
414
330
274
253
264
292
320
335
331
316
294
275
264
262
267
277
286
289
290
290
310
389
503
587
600
547
465
383
311
267
252
262
286
308
317
311
295
279
268
263
267
274
280
285
286
285
297
354
471
573
607
572
495
411
335
274
245
248
270
292
305
306
296
282
268
259
257
261
269
280
284
287
285
281
276
282
333
444
563
617
594
518
425
347
289
258
256
272
293
307
307
299
286
273
264
261
264
270
275
280
282
284
284
282
280
278
278
278
279
282
284
312
400
526
617
624
561
471
388
325
287
277
291
312
324
325
315
301
286
274
269
270
274
279
283
288
290
288
287
286
285
284
285
284
284
300
359
467
570
608
573
495
411
341
294
275
282
304
324
332
326
312
294
280
270
269
272
278
284
288
291
293
292
289
286
285
285
303
370
472
556
577
534
458
375
314
278
270
286
310
328
331
320
304
287
274
266
267
272
278
284
288
291
291
289
284
279
277
287
341
447
554
605
580
508
427
359
309
283
284
301
321
331
327
314
295
278
269
266
269
275
282
289
294
295
294
291
287
288
315
395
512
600
617
567
481
391
324
282
271
285
309
326
330
321
304
287
273
266
268
274
282
289
293
296
297
296
291
286
290
334
435
555
619
603
528
434
351
290
262
266
290
316
327
325
311
293
275
265
263
268
278
287
293
297
295
291
286
280
278
304
390
512
603
616
559
465
369
299
262
256
275
303
323
328
317
301
284
271
263
264
270
277
284
288
289
289
287
286
289
320
404
514
587
580
511
418
330
270
248
260
292
319
332
330
316
296
278
266
262
267
278
290
299
303
300
296
303
350
451
559
611
584
508
421
346
291
263
267
290
312
323
319
304
286
270
262
261
267
276
287
293
294
290
286
299
359
471
577
612
569
486
402
329
277
258
270
294
315
322
316
300
284
272
267
268
273
282
288
291
291
288
283
280
280
297
378
503
603
625
579
492
403
323
276
264
278
303
320
322
311